0.5 5 0 0.0
0.5 25 0 0.0
0.5 45 0 0.0
0.5 65 0 0.0
0.5 85 0 0.0
0.5 5 1 0.0
0.5 25 1 0.0
0.5 45 1 0.0
0.5 65 1 0.0
0.5 85 1 0.0
0.5 5 2 0.0
0.5 25 2 0.0
0.5 45 2 0.0
0.5 65 2 0.0
0.5 85 2 0.0
0.5 5 0 0.1
0.5 25 0 0.1
0.5 45 0 0.1
0.5 65 0 0.1
0.5 85 0 0.1
0.5 5 1 0.1
0.5 25 1 0.1
0.5 45 1 0.1
0.5 65 1 0.1
0.5 85 1 0.1
0.5 5 2 0.1
0.5 25 2 0.1
0.5 45 2 0.1
0.5 65 2 0.1
0.5 85 2 0.1
0.5 5 0 0.2
0.5 25 0 0.2
0.5 45 0 0.2
0.5 65 0 0.2
0.5 85 0 0.2
0.5 5 1 0.2
0.5 25 1 0.2
0.5 45 1 0.2
0.5 65 1 0.2
0.5 85 1 0.2
0.5 5 2 0.2
0.5 25 2 0.2
0.5 45 2 0.2
0.5 65 2 0.2
0.5 85 2 0.2
0.5 5 0 0.3
0.5 25 0 0.3
0.5 45 0 0.3
0.5 65 0 0.3
0.5 85 0 0.3
0.5 5 1 0.3
0.5 25 1 0.3
0.5 45 1 0.3
0.5 65 1 0.3
0.5 85 1 0.3
0.5 5 2 0.3
0.5 25 2 0.3
0.5 45 2 0.3
0.5 65 2 0.3
0.5 85 2 0.3
0.5 5 0 0.4
0.5 25 0 0.4
0.5 45 0 0.4
0.5 65 0 0.4
0.5 85 0 0.4
0.5 5 1 0.4
0.5 25 1 0.4
0.5 45 1 0.4
0.5 65 1 0.4
0.5 85 1 0.4
0.5 5 2 0.4
0.5 25 2 0.4
0.5 45 2 0.4
0.5 65 2 0.4
0.5 85 2 0.4
0.5 5 0 0.5
0.5 25 0 0.5
0.5 45 0 0.5
0.5 65 0 0.5
0.5 85 0 0.5
0.5 5 1 0.5
0.5 25 1 0.5
0.5 45 1 0.5
0.5 65 1 0.5
0.5 85 1 0.5
0.5 5 2 0.5
0.5 25 2 0.5
0.5 45 2 0.5
0.5 65 2 0.5
0.5 85 2 0.5
0.5 5 0 0.6
0.5 25 0 0.6
0.5 45 0 0.6
0.5 65 0 0.6
0.5 85 0 0.6
0.5 5 1 0.6
0.5 25 1 0.6
0.5 45 1 0.6
0.5 65 1 0.6
0.5 85 1 0.6
0.5 5 2 0.6
0.5 25 2 0.6
0.5 45 2 0.6
0.5 65 2 0.6
0.5 85 2 0.6
0.5 5 0 0.7
0.5 25 0 0.7
0.5 45 0 0.7
0.5 65 0 0.7
0.5 85 0 0.7
0.5 5 1 0.7
0.5 25 1 0.7
0.5 45 1 0.7
0.5 65 1 0.7
0.5 85 1 0.7
0.5 5 2 0.7
0.5 25 2 0.7
0.5 45 2 0.7
0.5 65 2 0.7
0.5 85 2 0.7
0.5 5 0 0.8
0.5 25 0 0.8
0.5 45 0 0.8
0.5 65 0 0.8
0.5 85 0 0.8
0.5 5 1 0.8
0.5 25 1 0.8
0.5 45 1 0.8
0.5 65 1 0.8
0.5 85 1 0.8
0.5 5 2 0.8
0.5 25 2 0.8
0.5 45 2 0.8
0.5 65 2 0.8
0.5 85 2 0.8
0.5 5 0 0.9
0.5 25 0 0.9
0.5 45 0 0.9
0.5 65 0 0.9
0.5 85 0 0.9
0.5 5 1 0.9
0.5 25 1 0.9
0.5 45 1 0.9
0.5 65 1 0.9
0.5 85 1 0.9
0.5 5 2 0.9
0.5 25 2 0.9
0.5 45 2 0.9
0.5 65 2 0.9
0.5 85 2 0.9
0.5 5 0 1.0
0.5 25 0 1.0
0.5 45 0 1.0
0.5 65 0 1.0
0.5 85 0 1.0
0.5 5 1 1.0
0.5 25 1 1.0
0.5 45 1 1.0
0.5 65 1 1.0
0.5 85 1 1.0
0.5 5 2 1.0
0.5 25 2 1.0
0.5 45 2 1.0
0.5 65 2 1.0
0.5 85 2 1.0
0.5 5 0 1.1
0.5 25 0 1.1
0.5 45 0 1.1
0.5 65 0 1.1
0.5 85 0 1.1
0.5 5 1 1.1
0.5 25 1 1.1
0.5 45 1 1.1
0.5 65 1 1.1
0.5 85 1 1.1
0.5 5 2 1.1
0.5 25 2 1.1
0.5 45 2 1.1
0.5 65 2 1.1
0.5 85 2 1.1
0.5 5 0 1.2
0.5 25 0 1.2
0.5 45 0 1.2
0.5 65 0 1.2
0.5 85 0 1.2
0.5 5 1 1.2
0.5 25 1 1.2
0.5 45 1 1.2
0.5 65 1 1.2
0.5 85 1 1.2
0.5 5 2 1.2
0.5 25 2 1.2
0.5 45 2 1.2
0.5 65 2 1.2
0.5 85 2 1.2
0.5 5 0 1.3
0.5 25 0 1.3
0.5 45 0 1.3
0.5 65 0 1.3
0.5 85 0 1.3
0.5 5 1 1.3
0.5 25 1 1.3
0.5 45 1 1.3
0.5 65 1 1.3
0.5 85 1 1.3
0.5 5 2 1.3
0.5 25 2 1.3
0.5 45 2 1.3
0.5 65 2 1.3
0.5 85 2 1.3
0.5 5 0 1.4
0.5 25 0 1.4
0.5 45 0 1.4
0.5 65 0 1.4
0.5 85 0 1.4
0.5 5 1 1.4
0.5 25 1 1.4
0.5 45 1 1.4
0.5 65 1 1.4
0.5 85 1 1.4
0.5 5 2 1.4
0.5 25 2 1.4
0.5 45 2 1.4
0.5 65 2 1.4
0.5 85 2 1.4
0.5 5 0 1.5
0.5 25 0 1.5
0.5 45 0 1.5
0.5 65 0 1.5
0.5 85 0 1.5
0.5 5 1 1.5
0.5 25 1 1.5
0.5 45 1 1.5
0.5 65 1 1.5
0.5 85 1 1.5
0.5 5 2 1.5
0.5 25 2 1.5
0.5 45 2 1.5
0.5 65 2 1.5
0.5 85 2 1.5
0.5 5 0 1.6
0.5 25 0 1.6
0.5 45 0 1.6
0.5 65 0 1.6
0.5 85 0 1.6
0.5 5 1 1.6
0.5 25 1 1.6
0.5 45 1 1.6
0.5 65 1 1.6
0.5 85 1 1.6
0.5 5 2 1.6
0.5 25 2 1.6
0.5 45 2 1.6
0.5 65 2 1.6
0.5 85 2 1.6
0.5 5 0 1.7
0.5 25 0 1.7
0.5 45 0 1.7
0.5 65 0 1.7
0.5 85 0 1.7
0.5 5 1 1.7
0.5 25 1 1.7
0.5 45 1 1.7
0.5 65 1 1.7
0.5 85 1 1.7
0.5 5 2 1.7
0.5 25 2 1.7
0.5 45 2 1.7
0.5 65 2 1.7
0.5 85 2 1.7
0.5 5 0 1.8
0.5 25 0 1.8
0.5 45 0 1.8
0.5 65 0 1.8
0.5 85 0 1.8
0.5 5 1 1.8
0.5 25 1 1.8
0.5 45 1 1.8
0.5 65 1 1.8
0.5 85 1 1.8
0.5 5 2 1.8
0.5 25 2 1.8
0.5 45 2 1.8
0.5 65 2 1.8
0.5 85 2 1.8
0.5 5 0 1.9
0.5 25 0 1.9
0.5 45 0 1.9
0.5 65 0 1.9
0.5 85 0 1.9
0.5 5 1 1.9
0.5 25 1 1.9
0.5 45 1 1.9
0.5 65 1 1.9
0.5 85 1 1.9
0.5 5 2 1.9
0.5 25 2 1.9
0.5 45 2 1.9
0.5 65 2 1.9
0.5 85 2 1.9
0.5 5 0 2.0
0.5 25 0 2.0
0.5 45 0 2.0
0.5 65 0 2.0
0.5 85 0 2.0
0.5 5 1 2.0
0.5 25 1 2.0
0.5 45 1 2.0
0.5 65 1 2.0
0.5 85 1 2.0
0.5 5 2 2.0
0.5 25 2 2.0
0.5 45 2 2.0
0.5 65 2 2.0
0.5 85 2 2.0
0.5 5 0 2.1
0.5 25 0 2.1
0.5 45 0 2.1
0.5 65 0 2.1
0.5 85 0 2.1
0.5 5 1 2.1
0.5 25 1 2.1
0.5 45 1 2.1
0.5 65 1 2.1
0.5 85 1 2.1
0.5 5 2 2.1
0.5 25 2 2.1
0.5 45 2 2.1
0.5 65 2 2.1
0.5 85 2 2.1
0.5 5 0 2.2
0.5 25 0 2.2
0.5 45 0 2.2
0.5 65 0 2.2
0.5 85 0 2.2
0.5 5 1 2.2
0.5 25 1 2.2
0.5 45 1 2.2
0.5 65 1 2.2
0.5 85 1 2.2
0.5 5 2 2.2
0.5 25 2 2.2
0.5 45 2 2.2
0.5 65 2 2.2
0.5 85 2 2.2
0.5 5 0 2.3
0.5 25 0 2.3
0.5 45 0 2.3
0.5 65 0 2.3
0.5 85 0 2.3
0.5 5 1 2.3
0.5 25 1 2.3
0.5 45 1 2.3
0.5 65 1 2.3
0.5 85 1 2.3
0.5 5 2 2.3
0.5 25 2 2.3
0.5 45 2 2.3
0.5 65 2 2.3
0.5 85 2 2.3
0.5 5 0 2.4
0.5 25 0 2.4
0.5 45 0 2.4
0.5 65 0 2.4
0.5 85 0 2.4
0.5 5 1 2.4
0.5 25 1 2.4
0.5 45 1 2.4
0.5 65 1 2.4
0.5 85 1 2.4
0.5 5 2 2.4
0.5 25 2 2.4
0.5 45 2 2.4
0.5 65 2 2.4
0.5 85 2 2.4
0.5 5 0 2.5
0.5 25 0 2.5
0.5 45 0 2.5
0.5 65 0 2.5
0.5 85 0 2.5
0.5 5 1 2.5
0.5 25 1 2.5
0.5 45 1 2.5
0.5 65 1 2.5
0.5 85 1 2.5
0.5 5 2 2.5
0.5 25 2 2.5
0.5 45 2 2.5
0.5 65 2 2.5
0.5 85 2 2.5
0.5 5 0 2.6
0.5 25 0 2.6
0.5 45 0 2.6
0.5 65 0 2.6
0.5 85 0 2.6
0.5 5 1 2.6
0.5 25 1 2.6
0.5 45 1 2.6
0.5 65 1 2.6
0.5 85 1 2.6
0.5 5 2 2.6
0.5 25 2 2.6
0.5 45 2 2.6
0.5 65 2 2.6
0.5 85 2 2.6
0.5 5 0 2.7
0.5 25 0 2.7
0.5 45 0 2.7
0.5 65 0 2.7
0.5 85 0 2.7
0.5 5 1 2.7
0.5 25 1 2.7
0.5 45 1 2.7
0.5 65 1 2.7
0.5 85 1 2.7
0.5 5 2 2.7
0.5 25 2 2.7
0.5 45 2 2.7
0.5 65 2 2.7
0.5 85 2 2.7
0.5 5 0 2.8
0.5 25 0 2.8
0.5 45 0 2.8
0.5 65 0 2.8
0.5 85 0 2.8
0.5 5 1 2.8
0.5 25 1 2.8
0.5 45 1 2.8
0.5 65 1 2.8
0.5 85 1 2.8
0.5 5 2 2.8
0.5 25 2 2.8
0.5 45 2 2.8
0.5 65 2 2.8
0.5 85 2 2.8
0.5 5 0 2.9
0.5 25 0 2.9
0.5 45 0 2.9
0.5 65 0 2.9
0.5 85 0 2.9
0.5 5 1 2.9
0.5 25 1 2.9
0.5 45 1 2.9
0.5 65 1 2.9
0.5 85 1 2.9
0.5 5 2 2.9
0.5 25 2 2.9
0.5 45 2 2.9
0.5 65 2 2.9
0.5 85 2 2.9
